Identifier:	Cortland_444_Classic_Floating
LineLength:	60

NominalWt:	3
AFTMA_Wt:	96	94–106
Weights:
1.250	2.502	2.516	2.543	2.585	2.641	2.710	2.793	2.891	3.500	3.500	3.500	3.500	3.500	3.500	3.500	3.500	3.500	3.500	3.500	3.500	3.500	3.500	3.500	3.500	3.500	3.500	3.500	3.500	2.840	2.674	2.562	2.507	2.500	2.500	2.500	2.500	2.500	2.500	2.500	2.500	2.500	2.500	2.500	2.500	2.500	2.500	2.500	2.500	2.500	2.500	2.500	2.500	2.500	2.500	2.500	2.500	2.500	2.500	2.500	1.250

NominalWt:	4
AFTMA_Wt:	113	114–126
Weights:
1.450	2.902	2.919	2.952	3.002	3.069	3.152	3.252	3.369	4.100	4.100	4.100	4.100	4.100	4.100	4.100	4.100	4.100	4.100	4.100	4.100	4.100	4.100	4.100	4.100	4.100	4.100	4.100	4.100	3.308	3.108	2.975	2.908	2.900	2.900	2.900	2.900	2.900	2.900	2.900	2.900	2.900	2.900	2.900	2.900	2.900	2.900	2.900	2.900	2.900	2.900	2.900	2.900	2.900	2.900	2.900	2.900	2.900	2.900	2.900	1.450

NominalWt:	5
AFTMA_Wt:	126	134–146
Weights:
1.600	3.202	3.222	3.261	3.319	3.397	3.494	3.611	3.747	4.600	4.600	4.600	4.600	4.600	4.600	4.600	4.600	4.600	4.600	4.600	4.600	4.600	4.600	4.600	4.600	4.600	4.600	4.600	4.600	3.676	3.443	3.288	3.210	3.200	3.200	3.200	3.200	3.200	3.200	3.200	3.200	3.200	3.200	3.200	3.200	3.200	3.200	3.200	3.200	3.200	3.200	3.200	3.200	3.200	3.200	3.200	3.200	3.200	3.200	3.200	1.600

NominalWt:	6
AFTMA_Wt:	154	152–168
Weights:
1.650	3.304	3.339	3.409	3.513	3.652	3.825	4.034	4.277	4.554	4.867	5.800	5.800	5.800	5.800	5.800	5.800	5.800	5.800	5.800	5.800	5.800	5.800	5.800	5.800	5.800	5.800	5.800	5.800	5.800	5.800	5.800	5.800	5.401	4.706	4.151	3.734	3.456	3.317	3.300	3.300	3.300	3.300	3.300	3.300	3.300	3.300	3.300	3.300	3.300	3.300	3.300	3.300	3.300	3.300	3.300	3.300	3.300	3.300	3.300	1.650

NominalWt:	7
AFTMA_Wt:	175	177–193
Weights:
1.700	3.406	3.452	3.543	3.681	3.864	4.093	4.368	4.689	5.056	5.468	6.700	6.700	6.700	6.700	6.700	6.700	6.700	6.700	6.700	6.700	6.700	6.700	6.700	6.700	6.700	6.700	6.700	6.700	6.700	6.700	6.700	6.700	6.173	5.256	4.523	3.973	3.606	3.423	3.400	3.400	3.400	3.400	3.400	3.400	3.400	3.400	3.400	3.400	3.400	3.400	3.400	3.400	3.400	3.400	3.400	3.400	3.400	3.400	3.400	1.700

NominalWt:	8
AFTMA_Wt:	202	202–218
Weights:
1.800	3.607	3.667	3.787	3.966	4.205	4.503	4.862	5.280	5.757	6.295	6.892	7.549	7.900	7.900	7.900	7.900	7.900	7.900	7.900	7.900	7.900	7.900	7.900	7.900	7.900	7.900	7.900	7.900	7.900	7.900	7.900	7.900	7.900	7.900	7.900	7.900	7.213	6.019	5.063	4.347	3.869	3.630	3.600	3.600	3.600	3.600	3.600	3.600	3.600	3.600	3.600	3.600	3.600	3.600	3.600	3.600	3.600	3.600	3.600	1.800

NominalWt:	9
AFTMA_Wt:	222	230–250
Weights:
1.800	3.609	3.681	3.826	4.042	4.331	4.692	5.126	5.631	6.209	6.859	7.581	8.376	8.800	8.800	8.800	8.800	8.800	8.800	8.800	8.800	8.800	8.800	8.800	8.800	8.800	8.800	8.800	8.800	8.800	8.800	8.800	8.800	8.800	8.800	8.800	8.800	7.969	6.525	5.369	4.503	3.925	3.636	3.600	3.600	3.600	3.600	3.600	3.600	3.600	3.600	3.600	3.600	3.600	3.600	3.600	3.600	3.600	3.600	3.600	1.800

