Identifier:	_LinearTaper_325_80_9ft5wt

RodLength:	9
ActionLength:	8.33333
NumPieces:	1
LineWeight:	5
LineLoopLength:	30
RodDensity:	70
RodElasticModulus:	5000000
V&GMultiplier:	0
GMultiplier:	4

X_station:
0	5	10	15	20	25	30	35	40	45	50	55	60	65	70	75	80	85	90	95	100	105	110
Taper_station:
0.0799977772325781	0.0922500253251054	0.104500071958655	0.116750021783817	0.128999956757884	0.141249894166913	0.153499842189649	0.165749806135292	0.177999789633326	0.190249794968433	0.202499823227678	0.214749874403101	0.226999947487934	0.239250040577203	0.251500150974532	0.263750275303852	0.276000409623895	0.288250549543487	0.300500690336123	0.312750827052698	0.325000954631675	0.337251077335793	0.349501200039911
